# from SM21
#BJD          Flux (ppt)  sFlux(ppt)
8783.02366013 33.62984075 2.07877272
8784.03147805 1.74466293 1.96052580
8784.57914914 -13.65126900 4.42399484
8785.03356101 -3.46790725 2.55544450
8785.54750477 23.57692157 3.10828824
8786.53368199 25.72609872 4.08236439
8788.03377417 6.25044479 8.88025731
8790.03355523 -6.88637134 2.58806785
8792.03701310 43.64663033 3.67271783
8793.03426511 -16.99864265 2.51624059
8794.98922635 31.93967710 3.38375732
8795.98938196 29.88425395 4.44805582
8796.48246665 -4.28661600 6.07188025
8796.98077300 -3.04939345 1.30086857
8797.58907594 43.12089650 3.16362597
8797.98231525 30.24997079 3.35098153
8803.78134330 38.19151931 5.55661435
8804.80821649 -16.82698898 2.02262195
8804.96148160 -16.28222486 2.01799777
8805.45111643 -18.44377551 4.40936006
8805.58656097 -4.42859361 2.33709168
8805.83061164 12.52716103 2.17758284
8806.46845116 51.99719023 2.83843423
8806.63039125 41.07817714 2.18998174
8806.85307898 21.22422962 2.06019978
8807.53097006 -8.05130931 3.00937649
8807.67004078 -16.07174839 3.87587691
8807.95081243 -21.25781846 1.93704919
8808.71472465 13.12906682 3.15087136
8808.92307258 31.81594214 2.50488340
8810.42971206 -17.06172969 3.67792639
8810.58844774 -16.19876093 2.89262862
8810.75449973 -12.53879771 2.76531119
8811.50318726 5.95282029 2.46672120
8811.75437250 22.38273947 2.31358966
8812.75638268 12.64238445 3.82412166
8813.82596033 -31.47245694 5.14173382
8814.00313239 -19.11405312 3.01562676
8814.75406972 34.12478058 2.80532814
8815.00360270 50.47004167 11.50765611
8815.01169521 46.27552818 9.56102825
8815.82603666 -4.64605717 2.95147260
8816.00312070 -12.38256644 4.53652505
8817.03037883 -31.75382058 3.81088430
8817.50402422 17.37729195 2.59660480
8817.75593612 37.26523483 3.11527532
8818.43029037 20.05421014 3.19142187
8818.59696319 11.26303184 4.08846221
8818.76332103 -2.18772047 3.30163999
8818.93189732 -6.16853072 11.88371383
8819.43173156 -22.29460054 4.93760925
8819.59929176 -21.69322831 3.24101748
8819.76334398 -27.51098186 2.15113354
8820.44093580 23.80617424 3.36038234
8820.53037154 31.18840009 3.65244258
8820.73294787 40.87430665 3.93329807
8821.53422067 4.85851543 3.16939349
8821.95976123 -19.40672314 2.11342868
8822.76221889 -22.77643006 3.24602278
8823.03467159 -10.32841367 5.23457315
8823.76752680 45.03680658 2.86800867
8824.61701872 -4.16082303 2.18274058
8824.80909237 -9.12061310 1.69768429
8825.51392130 -26.53975135 2.66289320
8825.64207853 -37.53115066 3.69812542
8825.85108170 -27.19508930 2.68385446
8830.69568006 -3.43820578 2.53145974
8830.85162092 -10.06846863 3.70803438
8831.34561649 -41.50118810 4.27835853
8831.47617947 -45.61609961 3.32765736
8831.68484538 -34.40929477 3.58117429
8832.34303359 41.89030533 6.45863458
8832.51782594 44.50350128 3.48993563
8832.72653032 41.20252189 3.35776536
8832.99284514 25.24132192 17.93575076
8833.34999048 13.26108465 18.87318917
8833.56184018 6.23443801 2.90639953
8833.76824312 -5.11093982 2.10636537
8833.97618864 -18.88535941 2.43516498
8833.98553285 -22.00271815 6.70994104
8834.64798202 -31.10455505 1.96027173
8835.33467888 43.95037806 3.72399035
8835.43441037 46.97243294 3.34643357
8835.64342897 39.00014124 2.07493618
8835.91321564 29.32462639 2.23086255
8836.33174949 8.51009414 5.88302564
8836.47978584 0.00000000 6.80994531
8836.68501436 -9.37379973 1.78813531
8836.89268208 -21.83660334 1.96083070
8837.32913872 -49.10494272 6.42900933
8837.51927369 -37.31823506 3.13931090
8837.73563302 -10.12197701 8.21955836
8837.93423059 16.05442041 7.68284845
8838.35111907 47.27160731 4.26524822
8838.56059533 42.63558614 2.86091995
8838.76834551 29.03795256 4.25709238
8839.42018238 0.94328216 3.12498102
8839.63377277 -11.55430444 2.94446010
8839.83988528 -27.18726376 6.46895006
8840.31600646 -37.34221982 4.89561051
8840.46186993 -32.04036737 3.28456609
8840.68282571 -12.09894152 2.95114230
8841.31275844 43.40782440 3.37626208
8841.50352979 37.70674251 2.94893184
8841.71762081 25.18781353 2.90700932
8841.91959280 10.83951273 7.31817332
8842.33693575 -4.19644447 3.56892783
8842.54507989 -16.29388694 8.76282343
8842.80594748 -32.90691861 3.41831164
8843.80335821 12.95324630 9.73458750
8844.30500795 49.83299719 3.23954384
8844.42018709 40.87029225 2.72460823
8844.83732477 15.73768941 4.57501755
8845.30471153 -10.99739549 3.65150249
8845.46184597 -11.75377942 2.91473322
8845.71689108 -49.20697960 3.00930027
8845.87857140 -51.15335337 2.74816107
8846.30458356 -40.77267629 2.95424202
8846.50351672 -21.24313287 2.73347548
8846.71049127 8.41374856 2.09023155
8846.73751104 14.41441135 2.43216688
8846.92016091 31.08496580 3.93482252
8847.33693761 24.85787058 2.73924300
8847.55983607 24.73266198 2.18629764
8847.75349084 10.58119378 2.05044326
8847.96197857 9.31935127 2.53537251
8848.37866587 -22.56506433 3.11095603
8848.58732922 -41.72693453 3.86200437
8848.79541531 -50.33718539 3.04591261
8849.30587339 -37.63090085 3.75968801
8849.42022180 -18.70885289 3.16553154
8849.62928411 2.35228542 5.95487831
8849.83702772 23.33760748 2.30657717
8850.31002342 40.60140373 9.77249562
8850.46859000 25.14004727 3.02050502
8850.67832075 20.42561828 23.61106937
8850.87847890 21.37466796 4.03068536
8851.34838947 -29.86870450 3.56623463
8851.57719544 -43.48358984 2.86851682
8852.33699807 -34.39217005 2.37182386
8852.75399267 30.34415672 2.21376325
8853.38028732 32.15627680 5.35711396
8858.32189365 -13.84012361 2.56387982
8858.44105506 5.43293020 2.94420603
8858.64904735 31.60749828 3.07637631
8859.31712432 20.12159107 4.94436767
8859.58572715 5.94735766 2.83038003
8859.71210926 0.45687927 3.68298250
8860.32152321 -45.97584567 2.77605860
8860.52443838 -65.03862627 2.29501672
8860.73227364 -61.01040545 2.10235097
8861.35756619 8.25113999 3.06862699
8861.56577756 36.34354912 2.52932550
8861.77318708 48.11059131 7.83676762
8862.39938260 7.81542525 2.88863963
8862.60722198 1.75876414 3.27981487
8863.33786204 -44.09060255 3.18344389
8863.45905129 -59.22470927 2.92413403
8863.74711998 -52.57323109 6.24533787
8864.35306912 33.16686366 3.21599101
8864.48269815 41.40692594 2.56451501
8864.69168058 59.44359565 5.10606157
8864.89901945 47.70358714 5.55516611
8865.34144776 8.46032068 2.36539574
8865.52661439 -1.21011266 2.71960294
8866.35789233 -55.08675307 2.86015772
8866.60406345 -54.37462916 2.14777974
8866.80178159 -45.78168087 3.23212483
8867.39938705 50.08100066 2.70265608
8867.60994948 51.33374726 2.10728004
8867.82290887 34.61690018 3.28873294
8868.35199972 2.79956062 6.59990077
8868.44121341 1.45969141 2.64106808
8868.65118398 -7.13518786 1.79189563
8868.71180423 -16.26593859 2.13665121
8868.75600418 -25.11087935 1.97010447
8868.88545443 -32.18204009 2.79503807
8869.35041329 -64.98199275 3.97341665
8869.48278252 -61.13276840 2.02145320
8869.80353174 -33.26282812 2.58730562
8870.75294716 54.69832185 2.02785592
8871.56583819 -7.49249479 2.23426717
8871.80287936 -37.45007504 2.33803176
8872.39961432 -62.46239836 2.42045398
8872.72064348 -9.75145814 3.86022584
8872.81579003 -8.28035872 2.75977234
8873.85765738 30.46761220 3.39369169
8874.33308697 -4.18864434 2.60232151
8874.58440937 -20.04821395 2.92126297
8874.69420501 -25.71730769 1.81433054
8875.37252739 -56.65280064 1.95552051
8875.76180811 5.13586467 2.20334613
8876.39514377 55.65547655 3.30430779
8876.77467382 31.42591024 2.39354735
8877.47444688 -18.22092554 3.05376355
8877.61648972 -30.72783672 1.32325265
8877.81565343 -30.91425221 4.05990408
8878.46572053 -30.98630813 2.34280839
8878.74298689 14.94189831 2.13101073
8878.85769241 27.54439284 30.00524489
8879.49502424 43.22110403 3.40784371
8879.69461267 28.23667342 4.66150498
8880.33436426 -19.34389017 2.79696905
8880.59015465 -27.77705013 2.69183244
8880.71225011 -31.08367001 2.80365124
8880.84265201 -48.43900981 5.07168510
8886.36951039 -23.40887577 2.63377610
8886.47802251 -25.01379696 2.77913292
8887.36300337 -13.62375258 2.75197221
8888.46511025 21.13273689 4.47521654
8888.62676333 12.15593074 5.05946405
8888.79443727 3.15374241 2.33317891
8890.33335350 3.94287673 2.83708763
8890.46133077 25.48536181 4.69671990
8891.36672652 25.64858016 2.35721449
8891.46116872 25.93223049 2.60653917
8892.36664822 -32.16120587 3.04924100
8892.67897928 -13.82973190 5.29524648
8893.68279876 55.47454910 2.26272367
8894.66112413 14.67527107 2.62419744
8896.36608541 41.34386430 2.55224315
8896.67884614 63.88438490 3.44633621
8898.36224701 -44.76710502 3.38141982
8899.35071382 50.07889183 2.77179013
8900.33670452 26.52369376 2.50610297
8901.33709221 -48.61066348 2.35716368
8903.79457751 -10.20927748 6.52266170
8904.64459993 -16.98144171 2.48897825
8905.65921909 50.33205305 3.31289555
8905.79443902 38.75887077 2.38480714
8906.33889709 7.92561796 3.17429715
8907.39973934 -45.00303989 2.96791131
8907.58120011 -20.60547860 4.84154316
8908.34462134 46.50135083 2.32083083
8912.37092271 -14.70370216 2.63382692
8914.60169292 18.10499071 2.97901442
8914.72528636 5.50610406 1.73920029
8915.37088586 -20.94273894 3.57850649
8916.39945172 -14.47040967 3.24858895
8917.38360766 27.50041230 4.07237921
8918.37262532 -24.33627818 3.42128433
8918.60034193 -37.15186617 1.93514362
8918.74275762 -42.38575331 2.77468659
8919.37099949 -4.24006930 5.12001033
8919.60036076 36.08782174 3.71080381
8919.72664477 54.55019560 3.83456417
8920.37183732 15.43577102 3.38060678
8923.58377598 4.84850484 2.27799363
8926.37353764 -2.80919010 2.39385224
8929.75052786 13.28369741 11.16236697
8930.60618727 -33.03301648 3.54402839
